arableaguestates,165.5,1200,1.23,-9.9,-9.9,-9.9,-9.9,4,22133.5,
argentina,-9.9,-9.9,-9.9,-9.9,9.9,4,-9.9,171.7,-9.9,-9.9,-9.9,-9.9,33.51,-9.9,1650,9.8,0.10,-9.9,
australia,-9.9,-9.9,-9.9,-9.9,-9.9,2681.8,5,-9.9,-9.9,0.66,1150,70.9,-9.9,-9.9,29.87,-9.9,-9.9,-9.9,-9.9,-9.9,
austria,-9.9,-9.9,-9.9,-9.9,-9.9,-9.9,0.17,-9.9,1090,15.1,320.0,5,-9.9,-9.9,-9.9,-9.9,-9.9,-9.9,
belgium,-9.9,0.13,9.9,1240,-9.9,82.21,-9.9,-9.9,-9.9,-9.9,-9.9,-9.9,1560.8,6,-9.9,-9.9,-9.9,-9.9,-9.9,-9.9,
brazil,-9.9,-9.9,-9.9,-9.9,-9.9,3,1633.0,2215,95.9,-9.9,0.96,36.88,-9.9,-9.9,-9.9,11178.1,-9.9,-9.9,-9.9,
canada,-9.9,38.44,-9.9,1.26,-9.9,71.5,1680,1946.3,6,-9.9,-9.9,-9.9,-9.9,-9.9,-9.9,-9.9,-9.9,-9.9,-9.9,-9.9,
chile,-9.9,-9.9,-9.9,-9.9,-9.9,677.6,1553.5,-9.9,5,-9.9,-9.9,-9.9,-9.9,-9.9,32.98,-9.9,0.13,13.8,980,
china,620,352.8,-9.9,3.07,-9.9,157.51,-9.9,-9.9,-9.9,-9.9,-9.9,-9.9,-9.9,5,16053.7,4475.8,-9.9,-9.9,-9.9,-9.9,-9.9,
czechrep,-9.9,-9.9,-9.9,-9.9,-9.9,-9.9,-9.9,3.9,-9.9,0.04,-9.9,4,19.9,-9.9,-9.9,-9.9,-9.9,-9.9,
denmark,-9.9,-9.9,-9.9,-9.9,-9.9,-9.9,38.67,-9.9,795,-9.9,-9.9,-9.9,-9.9,6,-9.9,-9.9,-9.9,-9.9,-9.9,-9.9,
eastasiapacific,-9.9,-9.9,-9.9,-9.9,880.0,861,7.40,-9.9,61918.0,-9.9,-9.9,-9.9,-9.9,
estonia,-9.9,-9.9,-9.9,-9.9,0.02,-9.9,0.7,765,-9.9,6.44,-9.9,-9.9,-9.9,-9.9,-9.9,-9.9,1.8,-9.9,6,
euranunion,5,-9.9,
eurcentasia,4,-9.9,
euroarea,-9.9,-9.9,-9.9,-9.9,1019,435.8,4.13,-9.9,-9.9,-9.9,-9.9,-9.9,-9.9,-9.9,5,27532.8,
europeanunion,1035,583.2,5.47,-9.9,-9.9,-9.9,-9.9,-9.9,-9.9,-9.9,-9.9,-9.9,33693.3,-9.9,
europecentasia,7.24,
europecentralasia,-9.9,-9.9,-9.9,-9.9,-9.9,772.0,1634,-9.9,41110.0,-9.9,-9.9,-9.9,-9.9,-9.9,
finland,-9.9,-9.9,-9.9,-9.9,-9.9,6,-9.9,660.8,10.7,615,0.14,-9.9,9.34,-9.9,-9.9,-9.9,-9.9,-9.9,-9.9,-9.9,
france,-9.9,-9.9,-9.9,-9.9,-9.9,4383.5,5,-9.9,0.74,-9.9,66.7,1335,-9.9,74.94,-9.9,-9.9,-9.9,-9.9,-9.9,-9.9,
germany,-9.9,-9.9,-9.9,-9.9,-9.9,6,-9.9,7334.1,905,105.0,-9.9,0.93,-9.9,88.61,-9.9,-9.9,-9.9,-9.9,-9.9,-9.9,
greece,-9.9,-9.9,-9.9,-9.9,-9.9,1040,8.6,-9.9,0.10,-9.9,45.35,-9.9,-9.9,-9.9,-9.9,-9.9,-9.9,5,-9.9,1.3,
hk,-9.9,590,
hungary,-9.9,-9.9,-9.9,-9.9,-9.9,13.5,885,-9.9,0.09,-9.9,-9.9,-9.9,-9.9,-9.9,-9.9,-9.9,-9.9,4,9.9,
iceland,-9.9,6,103.8,-9.9,-9.9,-9.9,-9.9,-9.9,-9.9,4.66,-9.9,1530,2.6,-9.9,0.03,
india,4,-9.9,1617.5,-9.9,-9.9,-9.9,-9.9,44.35,-9.9,1170,75.3,0.68,-9.9,-9.9,-9.9,-9.9,-9.9,-9.9,3009.0,
indonesia,-9.9,-9.9,-9.9,-9.9,-9.9,-9.9,-9.9,-9.9,-9.9,-9.9,4,-9.9,959.1,615,85.1,-9.9,0.66,27.41,-9.9,
ireland,-9.9,-9.9,-9.9,-9.9,-9.9,1160,95.6,-9.9,0.67,12.68,-9.9,-9.9,-9.9,-9.9,-9.9,-9.9,5,-9.9,123.8,
israel,-9.9,-9.9,-9.9,-9.9,-9.9,-9.9,4,828.9,-9.9,-9.9,-9.9,-9.9,32.42,-9.9,620,5.3,-9.9,0.05,
italy,1195,25.2,-9.9,0.25,-9.9,67.26,-9.9,-9.9,-9.9,-9.9,-9.9,-9.9,-9.9,4,877.5,-9.9,-9.9,-9.9,-9.9,-9.9,
jamaica,-9.9,
japan,-9.9,5,7455.9,-9.9,-9.9,-9.9,-9.9,-9.9,65.68,-9.9,-9.9,105.9,890,-9.9,0.92,-9.9,-9.9,-9.9,-9.9,-9.9,
korea,-9.9,-9.9,-9.9,-9.9,-9.9,-9.9,-9.9,-9.9,-9.9,-9.9,-9.9,6,11785.3,670,41.1,0.29,-9.9,-9.9,-9.9,
lathecaribbean,4,2.56,-9.9,19693.5,
latinamericathecaribbean,-9.9,5334.9,-9.9,-9.9,-9.9,-9.9,229.7,1274,
luxembourg,-9.9,-9.9,-9.9,-9.9,-9.9,0.04,-9.9,1425,0.9,5224.8,5,-9.9,-9.9,-9.9,-9.9,-9.9,-9.9,
malaysia,-9.9,-9.9,-9.9,-9.9,-9.9,381.0,1990.9,5,-9.9,-9.9,-9.9,-9.9,-9.9,-9.9,98.18,-9.9,0.38,450,46.3,
menafrica,4,-9.9,
mexico,-9.9,-9.9,-9.9,4040.5,-9.9,-9.9,-9.9,-9.9,41.80,0.44,-9.9,1450,38.8,689.1,-9.9,4,-9.9,-9.9,-9.9,-9.9,-9.9,
middleeastnafrica,1.43,
middleeastnorthafrica,-9.9,-9.9,-9.9,-9.9,23011.0,190.2,1103,-9.9,-9.9,
namerica,-9.9,6,
netherlands,-9.9,-9.9,-9.9,-9.9,-9.9,7,-9.9,5750.9,925,33.3,-9.9,0.31,-9.9,87.46,-9.9,-9.9,-9.9,-9.9,-9.9,-9.9,
newzealand,-9.9,-9.9,-9.9,-9.9,-9.9,13.7,870,0.19,-9.9,18.95,-9.9,-9.9,-9.9,-9.9,-9.9,6,965.6,
nigeria,-9.9,3,9.9,-9.9,-9.9,-9.9,-9.9,21.35,-9.9,3.8,1380,0.05,-9.9,-9.9,-9.9,-9.9,-9.9,4400.0,
northamerica,-9.9,-9.9,-9.9,-9.9,-9.9,-9.9,39053.4,11.00,814.6,1385,-9.9,-9.9,-9.9,-9.9,-9.9,
norway,1225,-9.9,-9.9,-9.9,-9.9,5.28,-9.9,-9.9,-9.9,-9.9,-9.9,-9.9,6,-9.9,-9.9,-9.9,-9.9,-9.9,-9.9,
pakistan,-9.9,-9.9,-9.9,-9.9,-9.9,-9.9,-9.9,-9.9,-9.9,-9.9,-9.9,253.5,-9.9,5,0.07,-9.9,7.8,660,-9.9,27.71,-9.9,
philippines,-9.9,-9.9,-9.9,-9.9,45.0,3,-9.9,569.5,-9.9,-9.9,-9.9,-9.9,18.11,-9.9,585,29.3,0.24,-9.9,
poland,-9.9,-9.9,-9.9,-9.9,-9.9,-9.9,-9.9,-9.9,-9.9,-9.9,4,94.6,4.6,1050,-9.9,0.08,38.03,-9.9,-9.9,
portugal,-9.9,46.08,-9.9,0.13,780,11.9,319.5,-9.9,-9.9,-9.9,-9.9,-9.9,-9.9,-9.9,-9.9,-9.9,-9.9,
russia,-9.9,-9.9,-9.9,-9.9,-9.9,3305.1,-9.9,4,-9.9,0.67,2615,66.0,-9.9,-9.9,38.17,-9.9,-9.9,3.1,-9.9,-9.9,
saudiarabia,1055,
slovakrep,-9.9,-9.9,-9.9,-9.9,4,-9.9,9.9,-9.9,-9.9,-9.9,-9.9,-9.9,-9.9,-9.9,0.1,1500,-9.9,0.00,
slovenia,-9.9,5,1.0,-9.9,-9.9,-9.9,-9.9,-9.9,-9.9,20.82,-9.9,745,0.9,-9.9,0.02,-9.9,-9.9,-9.9,-9.9,
southafrica,-9.9,-9.9,-9.9,-9.9,16.9,1705,0.19,-9.9,43.02,-9.9,-9.9,-9.9,-9.9,-9.9,-9.9,-9.9,1178.4,
southasia,-9.9,-9.9,-9.9,-9.9,0.85,3009.0,92.1,1787,-9.9,2493.4,-9.9,-9.9,-9.9,-9.9,
spain,954.1,6,-9.9,-9.9,-9.9,-9.9,-9.9,-9.9,-9.9,70.40,-9.9,-9.9,0.42,45.8,1310,-9.9,-9.9,-9.9,-9.9,-9.9,
subsaharanafrica,4,2659.8,-9.9,-9.9,-9.9,2108,44.7,0.63,
sweden,-9.9,-9.9,-9.9,-9.9,-9.9,-9.9,42.32,-9.9,-9.9,-9.9,-9.9,725,-9.9,-9.9,6,-9.9,-9.9,-9.9,-9.9,-9.9,
switzerland,-9.9,-9.9,-9.9,-9.9,-9.9,-9.9,-9.9,-9.9,-9.9,5,-9.9,1444.2,1635,27.0,0.26,-9.9,-9.9,-9.9,-9.9,
thailand,-9.9,-9.9,-9.9,-9.9,38.32,-9.9,595,40.7,0.29,-9.9,-9.9,5,2644.5,-9.9,-9.9,-9.9,-9.9,
turkey,-9.9,-9.9,-9.9,415.0,-9.9,-9.9,52.13,-9.9,-9.9,74.4,990,-9.9,0.57,-9.9,4,2349.2,-9.9,-9.9,-9.9,-9.9,-9.9,
u.s.,9.73,-9.9,1090,743.1,-9.9,-9.9,92.80,-9.9,-9.9,-9.9,-9.9,-9.9,37107.1,-9.9,6,-9.9,-9.9,-9.9,-9.9,-9.9,
uk,-9.9,-9.9,-9.9,-9.9,-9.9,-9.9,87.72,-9.9,1005,118.3,1.04,-9.9,6,-9.9,6031.6,-9.9,-9.9,-9.9,-9.9,-9.9,
ukraine,-9.9,26.72,-9.9,1930,5.4,0.07,-9.9,4,-9.9,14.5,-9.9,-9.9,-9.9,-9.9,-9.9,-9.9,-9.9,-9.9,-9.9,-9.9,-9.9,
world,4,175580.5,-9.9,-9.9,-9.9,-9.9,-9.9,-9.9,-9.9,1515,3023.3,-9.9,31.12,
